# title, sentiment, count
"deep learning", [0.30000001192092896, None, 0.10000000149011612, None, None, 0.05000000074505806, None, None, 0.10000000149011612, 
0.15000000223517418, -0.014285717691693987, 0.20000000298023224, 0.2444444422920545, 0.26666666691501933, 0.12000000476837158, 0.16666666977107525, 0.236538461337869], [1, 0, 1, 0, 0, 2, 0, 0, 1, 4, 7, 2, 9, 6, 5, 24, 52]
"computer vision", [0.10000000335276127, -0.10000000149011612, 0.2666666656732559, 0.10000000149011612, 0.06666666766007741, 0.15000000223517418, 0.30000001192092896, None, 0.15000000223517418, 0.2600000023841858, 0.22727273269133133, 0.21538462260594735, 0.24000000283122064, 0.26956521784481796, 0.15833333879709244, -0.016666663189729054, 0.08048780680429644], [4, 2, 3, 1, 3, 2, 1, 0, 6, 5, 11, 13, 10, 23, 12, 12, 41]
"siri", [0.08518518755833308, 0.058823528535225815, 0.053846155221645646, 0.02631578947368421, 0.028571427932807376, 0.06521739227616269, 0.1640000006556511, 0.06363635781136426, 0.054999999701976776, 0.12000000178813934, 0.10624999972060323, 0.06808510702763888, 0.17085714480706624, 0.13655914117892584, 0.15416666748933494, 0.14020618565918244, 0.14010416759022823], [27, 17, 13, 19, 7, 23, 25, 11, 20, 15, 32, 141, 175, 93, 96, 97, 192]
"alexa", [0.11698113409978039, 0.08103448447996173, 0.19531250337604433, 0.12307692691683769, 0.12881356086266244, 0.17727273002718436, 0.15294117874958935, 0.11976744416494702, 0.15232558470479277, 0.20666666941510306, 0.17317073362144997, 0.25684931818140694, 0.21100917738785438, 0.21592920682335323, 0.15819672409628258, 0.16454545591365208, 0.0757575768864516], [53, 58, 64, 52, 59, 66, 68, 86, 86, 135, 123, 146, 109, 113, 122, 110, 495]
"google home", [None, None, None, None, -0.800000011920929, -0.18333333358168602, -0.4000000059604645, 0.5499999895691872, -0.2250
0000894069672, -0.30000001192092896, 0.0, 0.07500000391155481, -0.1333333303531011, 0.27999999970197675, 0.15000000
596046448, None, 0.0021978020940944826], [0, 0, 0, 0, 1, 6, 1, 2, 4, 1, 3, 8, 3, 5, 2, 0, 273]
"autonomous vehicles", [None, None, None, None, None, 0.350000012665987, None, 0.4000000059604645, None, None, None, 0.05000000074505806, 0.15000000596046448, 0.18571428954601288, 0.360000005364418, 0.07368421240856773, 0.003973510091667933], [0, 0, 1, 0, 1, 4, 0, 2, 0, 2, 3, 3, 13, 14, 10, 21, 249]
"nvidia", [0.15714285948446818, -0.03333333548572329, -0.02499999776482582, 0.08500000163912773, 0.018181819807399403, 0.13333333283662796, -0.009090907871723175, 0.049999999680689404, 0.12413792748903406, 0.032692308752582624, -0.002702701333406809, -0.02558139451714449, -0.08571428858808108, -0.10952381115584146, 0.07500000080714624, -0.17000000327825546, 0.09811320999320948], [7, 9, 20, 20, 11, 9, 22, 14, 29, 52, 37, 43, 28, 42, 24, 10, 53]
"computer vision", [0.10000000335276127, -0.10000000149011612, 0.2666666656732559, 0.10000000149011612, 0.06666666766007741, 0.15000000223517418, 0.30000001192092896, None, 0.15000000223517418, 0.2600000023841858, 0.22727273269133133, 0.215384622605
94735, 0.24000000283122064, 0.26956521784481796, 0.15833333879709244, -0.016666663189729054, 0.08048780680429644], [4, 2, 3, 1, 3, 2, 1, 0, 6, 5, 11, 13, 10, 23, 12, 12, 41]